19
0 60 43 55 59 46 72 51 8 51 57 20 7 56 45 24 91 30 39
22 0 15 42 9 83 45 34 68 0 32 39 4 87 88 87 89 35 31
50 67 0 71 35 53 16 53 46 2 35 7 75 92 35 49 37 82 23
1 32 26 0 13 21 27 54 68 71 6 25 16 26 16 93 28 47 29
94 66 28 46 0 49 92 22 46 9 77 2 18 25 21 28 4 88 18
60 7 93 84 24 0 9 0 85 40 80 88 33 47 5 6 23 31 46
89 51 57 24 38 53 0 49 12 40 24 18 73 60 65 38 42 0 77
18 67 40 0 56 38 27 0 48 45 76 60 1 15 36 2 18 31 4
11 39 58 92 34 22 52 76 0 39 33 23 31 71 34 94 38 40 48
0 44 73 86 10 70 48 43 80 0 36 28 65 51 80 55 57 16 87
43 61 93 4 14 15 48 30 6 10 0 27 55 89 37 44 84 75 30
4 72 90 22 75 15 5 33 25 57 43 0 30 92 57 21 61 34 49
31 37 79 6 66 15 72 43 30 20 19 2 0 71 24 20 86 43 88
7 67 34 20 80 91 60 91 79 8 64 3 47 0 17 58 25 70 1
11 35 11 35 15 20 11 59 44 86 34 84 81 49 0 38 55 14 89
27 63 51 6 51 74 84 27 10 65 81 23 94 73 47 0 36 87 39
27 20 52 74 87 3 34 42 20 92 83 66 85 90 90 20 0 46 26
14 52 48 59 10 64 23 92 90 39 94 27 12 60 1 87 40 0 12
67 13 5 27 78 57 7 16 16 15 94 20 37 57 26 57 87 72 0